Tb = 1/1200;
F_0 = 1800;
Ts = Tb / 64;
